** File generated by WinEP - 8/26/2020 (11:01p) **

Time    	Vx      
0.000000	-0.000000
0.025000	0.025591
0.050000	0.076979
0.075000	0.148129
0.100000	0.250796
0.125000	0.388614
0.150000	0.564567
0.175000	0.774729
0.200000	1.016828
0.225000	1.286917
0.250000	1.580452
0.275000	1.893733
0.300000	2.223226
0.325000	2.565787
0.350000	2.918760
0.375000	3.280018
0.400000	3.647529
0.425000	4.019993
0.450000	4.396033
0.475000	4.774692
0.500000	5.155093
0.525000	5.536633
0.550000	5.918730
0.575000	6.301034
0.600000	6.683181
0.625000	7.065002
0.650000	7.446281
0.675000	7.826966
0.700000	8.206930
0.725000	8.586179
0.750000	8.964622
0.775000	9.342291
0.800000	9.719116
0.825000	10.095141
0.850000	10.470307
0.875000	10.844666
0.900000	11.218163
0.925000	11.590846
0.950000	11.962660
0.975000	12.333649
1.000000	12.703751
1.025000	13.073004
1.050000	13.441339
1.075000	13.808789
1.100000	14.175283
1.125000	14.540854
1.150000	14.905430
1.175000	15.269047
1.200000	15.631635
1.225000	15.993229
1.250000	16.353762
1.275000	16.713270
1.300000	17.071684
1.325000	17.429043
1.350000	17.785280
1.375000	18.140430
1.400000	18.494432
1.425000	18.847321
1.450000	19.199032
1.475000	19.549603
1.500000	19.898973
1.525000	20.247150
1.550000	20.594097
1.575000	20.939852
1.600000	21.284367
1.625000	21.627695
1.650000	21.969797
1.675000	22.310740
1.700000	22.650499
1.725000	22.989155
1.750000	23.326694
1.775000	23.663212
1.800000	23.998693
1.825000	24.333223
1.850000	24.666771
1.875000	24.999395
1.900000	25.331047
1.925000	25.661766
1.950000	25.991488
1.975000	26.320229
2.000000	26.647909
2.025000	26.974541
2.050000	27.300043
2.075000	27.624437
2.100000	27.947657
2.125000	28.269735
2.150000	28.590616
2.175000	28.910343
2.200000	29.228878
2.225000	29.546272
2.250000	29.862499
2.275000	30.177624
2.300000	30.491619
2.325000	30.804550
2.350000	31.116383
2.375000	31.427170
2.400000	31.736870
2.425000	32.045525
2.450000	32.353085
2.475000	32.659588
2.500000	32.964973
2.525000	33.269268
2.550000	33.572414
2.575000	33.874432
2.600000	34.175270
2.625000	34.474960
2.650000	34.773468
2.675000	35.070827
2.700000	35.367016
2.725000	35.662083
2.750000	35.956013
2.775000	36.248863
2.800000	36.540623
2.825000	36.831371
2.850000	37.121098
2.875000	37.409870
2.900000	37.697678
2.925000	37.984577
2.950000	38.270550
2.975000	38.555656
3.000000	38.839863
3.025000	39.123219
3.050000	39.405693
3.075000	39.687328
3.100000	39.968086
3.125000	40.248005
3.150000	40.527042
3.175000	40.805233
3.200000	41.082539
3.225000	41.358990
3.250000	41.634548
3.275000	41.909245
3.300000	42.183041
3.325000	42.455975
3.350000	42.727997
3.375000	42.999153
3.400000	43.269394
3.425000	43.538765
3.450000	43.807220
3.475000	44.074802
3.500000	44.341473
3.525000	44.607273
3.550000	44.872173
3.575000	45.136219
3.600000	45.399380
3.625000	45.661705
3.650000	45.923164
3.675000	46.183807
3.700000	46.443619
3.725000	46.702641
3.750000	46.960857
3.775000	47.218319
3.800000	47.475006
3.825000	47.730972
3.850000	47.986198
3.875000	48.240742
3.900000	48.494576
3.925000	48.747757
3.950000	49.000259
3.975000	49.252140
4.000000	49.503368
4.025000	49.754005
4.050000	50.004021
4.075000	50.253464
4.100000	50.502316
4.125000	50.750622
4.150000	50.998363
4.175000	51.245586
4.200000	51.492264
4.225000	51.738453
4.250000	51.984119
4.275000	52.229317
4.300000	52.474018
4.325000	52.718273
4.350000	52.962055
4.375000	53.205410
4.400000	53.448315
4.425000	53.690807
4.450000	53.932869
4.475000	54.174538
4.500000	54.415791
4.525000	54.656666
4.550000	54.897141
4.575000	55.137253
4.600000	55.376976
4.625000	55.616348
4.650000	55.855347
4.675000	56.094009
4.700000	56.332302
4.725000	56.570271
4.750000	56.807880
4.775000	57.045177
4.800000	57.282124
4.825000	57.518730
4.850000	57.754921
4.875000	57.990692
4.900000	58.225967
4.925000	58.460762
4.950000	58.695019
4.975000	58.928768
5.000000	59.161964
5.025000	59.394642
5.050000	59.626770
5.075000	59.858383
5.100000	60.089458
5.125000	60.320026
5.150000	60.550060
5.175000	60.779591
5.200000	61.008595
5.225000	61.237103
5.250000	61.465084
5.275000	61.692570
5.300000	61.919529
5.325000	62.145996
5.350000	62.371933
5.375000	62.597378
5.400000	62.822296
5.425000	63.046719
5.450000	63.270615
5.475000	63.494019
5.500000	63.716908
5.525000	63.939312
5.550000	64.161209
5.575000	64.382645
5.600000	64.603592
5.625000	64.824089
5.650000	65.044121
5.675000	65.263733
5.700000	65.482903
5.725000	65.701675
5.750000	65.920036
5.775000	66.138031
5.800000	66.355652
5.825000	66.572929
5.850000	66.789856
5.875000	67.006477
5.900000	67.222778
5.925000	67.438805
5.950000	67.654526
5.975000	67.869987
6.000000	68.085167
6.025000	68.300087
6.050000	68.514717
6.075000	68.729080
6.100000	68.943153
6.125000	69.156944
6.150000	69.370422
6.175000	69.583611
6.200000	69.796463
6.225000	70.009010
6.250000	70.221207
6.275000	70.433090
6.300000	70.644630
6.325000	70.855843
6.350000	71.066696
6.375000	71.277237
6.400000	71.487419
6.425000	71.697273
6.450000	71.906784
6.475000	72.115982
6.500000	72.324829
6.525000	72.533363
6.550000	72.741562
6.575000	72.949448
6.600000	73.157005
6.625000	73.364258
6.650000	73.571167
6.675000	73.777756
6.700000	73.983932
6.725000	74.189682
6.750000	74.394943
6.775000	74.599716
6.800000	74.803940
6.825000	75.007645
6.850000	75.210785
6.875000	75.413391
6.900000	75.615417
6.925000	75.816902
6.950000	76.017822
6.975000	76.218208
7.000000	76.418022
7.025000	76.617317
7.050000	76.816063
7.075000	77.014297
7.100000	77.212006
7.125000	77.409225
7.150000	77.605934
7.175000	77.802185
7.200000	77.997963
7.225000	78.193306
7.250000	78.388206
7.275000	78.582710
7.300000	78.776802
7.325000	78.970543
7.350000	79.163918
7.375000	79.356972
7.400000	79.549690
7.425000	79.742126
7.450000	79.934258
7.475000	80.126114
7.500000	80.317688
7.525000	80.509003
7.550000	80.700043
7.575000	80.890831
7.600000	81.081345
7.625000	81.271614
7.650000	81.461594
7.675000	81.651329
7.700000	81.840767
7.725000	82.029945
7.750000	82.218826
7.775000	82.407433
7.800000	82.595718
7.825000	82.783714
7.850000	82.971382
7.875000	83.158737
7.900000	83.345764
7.925000	83.532471
7.950000	83.718834
7.975000	83.904884
8.000000	84.090591
8.025001	84.275978
8.050000	84.461021
8.075000	84.645752
8.100000	84.830147
8.125000	85.014236
8.150001	85.197990
8.175000	85.381447
8.200000	85.564583
8.225000	85.747429
8.250000	85.929962
8.275001	86.112221
8.300000	86.294174
8.325000	86.475868
8.350000	86.657272
8.375000	86.838425
8.400001	87.019310
8.425000	87.199959
8.450000	87.380348
8.475000	87.560509
8.500000	87.740425
8.525001	87.920135
8.550000	88.099617
8.575000	88.278954
8.600000	88.458130
8.625000	88.637207
8.650001	88.816162
8.675000	88.995033
8.700000	89.173782
8.725000	89.352448
8.750000	89.530991
8.775001	89.709427
8.800000	89.887726
8.825000	90.065910
8.850000	90.243950
8.875000	90.421867
8.900001	90.599632
8.925000	90.777260
8.950000	90.954727
8.975000	91.132057
9.000000	91.309219
9.025001	91.486244
9.050000	91.663086
9.075000	91.839767
9.100000	92.016273
9.125000	92.192612
9.150001	92.368752
9.175000	92.544724
9.200000	92.720482
9.225000	92.896057
9.250000	93.071411
9.275001	93.246574
9.300000	93.421509
9.325000	93.596245
9.350000	93.770744
9.375000	93.945030
9.400001	94.119087
9.425000	94.292923
9.450000	94.466522
9.475000	94.639900
9.500000	94.813034
9.525001	94.985954
9.550000	95.158623
9.575000	95.331078
9.600000	95.503281
9.625000	95.675262
9.650001	95.847008
9.675000	96.018524
9.700000	96.189796
9.725000	96.360855
9.750000	96.531670
9.775001	96.702271
9.800000	96.872627
9.825000	97.042770
9.850000	97.212677
9.875000	97.382378
9.900001	97.551849
9.925000	97.721107
9.950000	97.890144
9.975000	98.058975
10.000000	98.227585

Time    	VxTarget
0.000000	0.000000
0.025000	0.000000
0.050000	0.000000
0.075000	0.000000
0.100000	0.000000
0.125000	0.000000
0.150000	0.000000
0.175000	0.000000
0.200000	0.000000
0.225000	0.000000
0.250000	0.000000
0.275000	0.000000
0.300000	0.000000
0.325000	0.000000
0.350000	0.000000
0.375000	0.000000
0.400000	0.000000
0.425000	0.000000
0.450000	0.000000
0.475000	0.000000
0.500000	0.000000
0.525000	0.000000
0.550000	0.000000
0.575000	0.000000
0.600000	0.000000
0.625000	0.000000
0.650000	0.000000
0.675000	0.000000
0.700000	0.000000
0.725000	0.000000
0.750000	0.000000
0.775000	0.000000
0.800000	0.000000
0.825000	0.000000
0.850000	0.000000
0.875000	0.000000
0.900000	0.000000
0.925000	0.000000
0.950000	0.000000
0.975000	0.000000
1.000000	0.000000
1.025000	0.000000
1.050000	0.000000
1.075000	0.000000
1.100000	0.000000
1.125000	0.000000
1.150000	0.000000
1.175000	0.000000
1.200000	0.000000
1.225000	0.000000
1.250000	0.000000
1.275000	0.000000
1.300000	0.000000
1.325000	0.000000
1.350000	0.000000
1.375000	0.000000
1.400000	0.000000
1.425000	0.000000
1.450000	0.000000
1.475000	0.000000
1.500000	0.000000
1.525000	0.000000
1.550000	0.000000
1.575000	0.000000
1.600000	0.000000
1.625000	0.000000
1.650000	0.000000
1.675000	0.000000
1.700000	0.000000
1.725000	0.000000
1.750000	0.000000
1.775000	0.000000
1.800000	0.000000
1.825000	0.000000
1.850000	0.000000
1.875000	0.000000
1.900000	0.000000
1.925000	0.000000
1.950000	0.000000
1.975000	0.000000
2.000000	0.000000
2.025000	0.000000
2.050000	0.000000
2.075000	0.000000
2.100000	0.000000
2.125000	0.000000
2.150000	0.000000
2.175000	0.000000
2.200000	0.000000
2.225000	0.000000
2.250000	0.000000
2.275000	0.000000
2.300000	0.000000
2.325000	0.000000
2.350000	0.000000
2.375000	0.000000
2.400000	0.000000
2.425000	0.000000
2.450000	0.000000
2.475000	0.000000
2.500000	0.000000
2.525000	0.000000
2.550000	0.000000
2.575000	0.000000
2.600000	0.000000
2.625000	0.000000
2.650000	0.000000
2.675000	0.000000
2.700000	0.000000
2.725000	0.000000
2.750000	0.000000
2.775000	0.000000
2.800000	0.000000
2.825000	0.000000
2.850000	0.000000
2.875000	0.000000
2.900000	0.000000
2.925000	0.000000
2.950000	0.000000
2.975000	0.000000
3.000000	0.000000
3.025000	0.000000
3.050000	0.000000
3.075000	0.000000
3.100000	0.000000
3.125000	0.000000
3.150000	0.000000
3.175000	0.000000
3.200000	0.000000
3.225000	0.000000
3.250000	0.000000
3.275000	0.000000
3.300000	0.000000
3.325000	0.000000
3.350000	0.000000
3.375000	0.000000
3.400000	0.000000
3.425000	0.000000
3.450000	0.000000
3.475000	0.000000
3.500000	0.000000
3.525000	0.000000
3.550000	0.000000
3.575000	0.000000
3.600000	0.000000
3.625000	0.000000
3.650000	0.000000
3.675000	0.000000
3.700000	0.000000
3.725000	0.000000
3.750000	0.000000
3.775000	0.000000
3.800000	0.000000
3.825000	0.000000
3.850000	0.000000
3.875000	0.000000
3.900000	0.000000
3.925000	0.000000
3.950000	0.000000
3.975000	0.000000
4.000000	0.000000
4.025000	0.000000
4.050000	0.000000
4.075000	0.000000
4.100000	0.000000
4.125000	0.000000
4.150000	0.000000
4.175000	0.000000
4.200000	0.000000
4.225000	0.000000
4.250000	0.000000
4.275000	0.000000
4.300000	0.000000
4.325000	0.000000
4.350000	0.000000
4.375000	0.000000
4.400000	0.000000
4.425000	0.000000
4.450000	0.000000
4.475000	0.000000
4.500000	0.000000
4.525000	0.000000
4.550000	0.000000
4.575000	0.000000
4.600000	0.000000
4.625000	0.000000
4.650000	0.000000
4.675000	0.000000
4.700000	0.000000
4.725000	0.000000
4.750000	0.000000
4.775000	0.000000
4.800000	0.000000
4.825000	0.000000
4.850000	0.000000
4.875000	0.000000
4.900000	0.000000
4.925000	0.000000
4.950000	0.000000
4.975000	0.000000
5.000000	0.000000
5.025000	0.000000
5.050000	0.000000
5.075000	0.000000
5.100000	0.000000
5.125000	0.000000
5.150000	0.000000
5.175000	0.000000
5.200000	0.000000
5.225000	0.000000
5.250000	0.000000
5.275000	0.000000
5.300000	0.000000
5.325000	0.000000
5.350000	0.000000
5.375000	0.000000
5.400000	0.000000
5.425000	0.000000
5.450000	0.000000
5.475000	0.000000
5.500000	0.000000
5.525000	0.000000
5.550000	0.000000
5.575000	0.000000
5.600000	0.000000
5.625000	0.000000
5.650000	0.000000
5.675000	0.000000
5.700000	0.000000
5.725000	0.000000
5.750000	0.000000
5.775000	0.000000
5.800000	0.000000
5.825000	0.000000
5.850000	0.000000
5.875000	0.000000
5.900000	0.000000
5.925000	0.000000
5.950000	0.000000
5.975000	0.000000
6.000000	0.000000
6.025000	0.000000
6.050000	0.000000
6.075000	0.000000
6.100000	0.000000
6.125000	0.000000
6.150000	0.000000
6.175000	0.000000
6.200000	0.000000
6.225000	0.000000
6.250000	0.000000
6.275000	0.000000
6.300000	0.000000
6.325000	0.000000
6.350000	0.000000
6.375000	0.000000
6.400000	0.000000
6.425000	0.000000
6.450000	0.000000
6.475000	0.000000
6.500000	0.000000
6.525000	0.000000
6.550000	0.000000
6.575000	0.000000
6.600000	0.000000
6.625000	0.000000
6.650000	0.000000
6.675000	0.000000
6.700000	0.000000
6.725000	0.000000
6.750000	0.000000
6.775000	0.000000
6.800000	0.000000
6.825000	0.000000
6.850000	0.000000
6.875000	0.000000
6.900000	0.000000
6.925000	0.000000
6.950000	0.000000
6.975000	0.000000
7.000000	0.000000
7.025000	0.000000
7.050000	0.000000
7.075000	0.000000
7.100000	0.000000
7.125000	0.000000
7.150000	0.000000
7.175000	0.000000
7.200000	0.000000
7.225000	0.000000
7.250000	0.000000
7.275000	0.000000
7.300000	0.000000
7.325000	0.000000
7.350000	0.000000
7.375000	0.000000
7.400000	0.000000
7.425000	0.000000
7.450000	0.000000
7.475000	0.000000
7.500000	0.000000
7.525000	0.000000
7.550000	0.000000
7.575000	0.000000
7.600000	0.000000
7.625000	0.000000
7.650000	0.000000
7.675000	0.000000
7.700000	0.000000
7.725000	0.000000
7.750000	0.000000
7.775000	0.000000
7.800000	0.000000
7.825000	0.000000
7.850000	0.000000
7.875000	0.000000
7.900000	0.000000
7.925000	0.000000
7.950000	0.000000
7.975000	0.000000
8.000000	0.000000
8.025001	0.000000
8.050000	0.000000
8.075000	0.000000
8.100000	0.000000
8.125000	0.000000
8.150001	0.000000
8.175000	0.000000
8.200000	0.000000
8.225000	0.000000
8.250000	0.000000
8.275001	0.000000
8.300000	0.000000
8.325000	0.000000
8.350000	0.000000
8.375000	0.000000
8.400001	0.000000
8.425000	0.000000
8.450000	0.000000
8.475000	0.000000
8.500000	0.000000
8.525001	0.000000
8.550000	0.000000
8.575000	0.000000
8.600000	0.000000
8.625000	0.000000
8.650001	0.000000
8.675000	0.000000
8.700000	0.000000
8.725000	0.000000
8.750000	0.000000
8.775001	0.000000
8.800000	0.000000
8.825000	0.000000
8.850000	0.000000
8.875000	0.000000
8.900001	0.000000
8.925000	0.000000
8.950000	0.000000
8.975000	0.000000
9.000000	0.000000
9.025001	0.000000
9.050000	0.000000
9.075000	0.000000
9.100000	0.000000
9.125000	0.000000
9.150001	0.000000
9.175000	0.000000
9.200000	0.000000
9.225000	0.000000
9.250000	0.000000
9.275001	0.000000
9.300000	0.000000
9.325000	0.000000
9.350000	0.000000
9.375000	0.000000
9.400001	0.000000
9.425000	0.000000
9.450000	0.000000
9.475000	0.000000
9.500000	0.000000
9.525001	0.000000
9.550000	0.000000
9.575000	0.000000
9.600000	0.000000
9.625000	0.000000
9.650001	0.000000
9.675000	0.000000
9.700000	0.000000
9.725000	0.000000
9.750000	0.000000
9.775001	0.000000
9.800000	0.000000
9.825000	0.000000
9.850000	0.000000
9.875000	0.000000
9.900001	0.000000
9.925000	0.000000
9.950000	0.000000
9.975000	0.000000
10.000000	0.000000

